0,1.0564394757e-08,7.88165596061e-11,0.373174282621,0.0441200662886,3.28151826611e-05,0.0491940199986,0.53347438667,2.39885404612e-06,2.0132724875e-06,6.47001361366e-09
1,3.48201299452e-08,0.086995129326,0.614235655253,0.000195824520551,7.88961892826e-05,1.24140144881e-05,1.6278654306e-12,0.00032881905849,2.89300479333e-05,0.298124296768
2,0.0030143508051,1.92769400222e-06,0.00354695062827,0.0962119805213,2.00022424939e-05,0.859729241859,0.0357266825195,0.00169109358796,1.09162996162e-06,5.66785127612e-05
3,0.000123543754294,0.132397153635,0.00147199142355,0.854236403049,0.00487506659549,3.48756841111e-18,4.69691572223e-05,0.00480837874241,0.00204049151134,2.13172885702e-09
4,0.000331363610054,0.00545158939907,0.00102852244509,2.24942681567e-06,3.07304313093e-06,0.00210596995021,0.490645006847,5.15810862737e-20,0.49655399458,0.00387823069847
5,0.0113779108895,0.902199392253,0.0725427699535,1.29326636814e-05,0.00162635728893,6.69517779719e-12,0.000117960962198,2.63111769926e-05,0.0120962733282,9.14770401502e-08
6,1.10968731225e-14,2.31219620936e-10,0.942124792138,0.000109214753102,1.01059742273e-06,1.36151700655e-07,0.00918249546432,0.0469876230012,0.00146917999825,0.000125547664329
7,0.00100804623619,0.00968206026463,5.76411632208e-07,0.000354848824205,4.23145988116e-07,0.274591677611,0.336889825424,0.0115713316652,0.000534474460698,0.365366735957
8,6.42275501526e-08,0.116000077594,5.38499586266e-14,0.552458233697,0.000244898498328,5.83951733216e-06,0.000870463082353,0.139417339216,0.188024599362,0.0029784848041
9,0.00112941045265,0.804216604031,5.82908622619e-08,3.93441660198e-05,0.000396347029312,0.00138261241687,1.08915182752e-08,0.18782994286,1.98903186641e-06,0.00500368083012
10,0.00111678889044,0.0869606884616,0.196033640272,0.202410670547,0.456660406584,0.000516546432688,0.0562948719334,5.67718804718e-13,6.38687796741e-06,6.08856674364e-16
11,1.40601841214e-05,0.000120152203454,0.000277833722145,0.576475293703,1.41586623085e-05,9.68712636976e-13,2.63126322693e-09,0.000460799334294,0.200503144985,0.222134554574
12,1.46766300762e-08,0.810575909203,0.0666173348336,2.09401614212e-05,0.000441655556716,0.110726368769,0.00226547224117,0.00206709917312,1.30608924697e-11,0.00728520537237
13,1.51472169365e-05,4.4123561518e-13,3.80723559557e-05,0.00310812023135,9.9695484068e-05,3.76738935103e-07,0.0412079841392,3.84804057516e-19,0.16253092314,0.792999680693
14,0.00644206407512,0.0354472545872,2.45451136265e-08,8.18385498981e-08,8.76161286486e-06,8.31479210773e-05,0.00271053304718,0.366057719662,0.00566471765318,0.583585695057
15,0.00249394454361,0.00116030016044,4.40367493289e-12,1.92326313921e-05,0.0159127553358,0.668164344068,7.86935390293e-19,0.245500984828,0.0401649193586,0.0265835190693
16,0.0181265594724,1.202043009e-05,0.932602592155,4.38093557094e-18,0.000602951670192,1.01730371152e-06,0.000477321932924,1.69368654478e-13,0.0481775369489,8.69675848182e-11
17,0.154148089935,0.00265659455861,0.0317856520793,0.00135174482308,0.405918387151,0.0244767464896,0.024509016718,0.354342145606,0.000285219574897,0.000526403064372
18,5.36745579893e-12,0.0645308795343,0.0785318015779,2.00584031642e-08,0.220980677073,0.141472338009,0.494400247524,3.12066416569e-05,5.12244862694e-05,1.6050908332e-06
19,0.00628569033334,0.969953815794,0.00010262331385,0.00674428046591,0.0113964917682,3.20295572276e-12,7.33472440165e-05,2.94046235117e-07,2.25466316763e-05,0.00542091039935
20,0.000486189049461,0.000311254928255,0.0186523781257,0.00123756874436,0.00670594457157,0.261601311642,1.0950120928e-13,0.378979039592,0.331709008042,0.000317305303873
21,0.0130989516595,0.000356802310368,0.00695467129905,2.24003096555e-12,0.323154307788,6.0731912853e-06,4.84740592343e-07,4.64027097778e-10,0.17661457849,0.479814130055
22,0.0452457052709,0.000125486059336,3.64286012724e-06,6.15360282748e-11,5.11677513608e-10,1.88065922177e-13,0.560012854634,0.00262734779823,0.391973273321,1.16894837288e-05
23,1.61465435478e-05,2.47007172415e-10,3.13069011103e-15,4.73165745861e-25,0.14155206401,0.858421751658,4.77588829095e-09,6.98578422262e-07,9.3341465098e-06,3.99496038568e-11
24,7.68552239169e-05,0.672814495844,6.55622591762e-07,0.000653861037332,0.0266261481221,0.29969026283,3.03809231286e-11,1.61214345353e-10,1.21253376731e-13,0.000137721128697
25,3.73164590887e-09,5.9388486849e-08,2.31580242727e-13,9.53688388819e-09,0.287418993602,0.000349574120418,0.000629453878103,0.709706959459,1.77668333315e-08,0.00189492851637
26,9.79887723814e-08,0.00024178141074,0.00106628182682,0.0304259070805,2.2995049784e-08,0.954470696634,3.38980574237e-07,0.00259241458203,0.00283989507101,0.00836256343073
27,5.77019526754e-05,2.43067402556e-14,0.00306751741481,0.0190009123365,8.23068920955e-05,0.000367567262055,0.616470089878,0.0391949659346,0.00212722938396,0.319631708945
28,0.00833997504055,6.35222921612e-08,0.371383237293,8.32279856964e-07,3.26157803273e-07,4.32614933591e-19,4.33217488724e-07,2.31672193702e-11,0.184640909806,0.43563422266
29,0.0429869648305,0.415582245932,1.10177252998e-15,2.29054648385e-05,0.0135446456371,0.20005017865,6.29499848922e-06,3.2762611044e-07,1.74656132093e-12,0.327806436859
30,0.837533648103,1.24915304985e-06,0.000227731929775,8.20431370367e-22,0.0131409844523,0.0448129877805,2.20572490654e-10,0.0616107115835,0.0426725759585,1.10818998825e-07
31,2.08751031845e-09,0.513806934171,0.119036358471,0.00149197738548,0.0539343252347,1.27313269726e-06,0.10414107027,4.45581611319e-06,0.207583603432,1.17430314634e-16
32,0.00016887775915,0.0219801826022,2.08033597451e-08,1.28681864162e-07,0.268021416525,0.000679811555956,8.89323007031e-09,0.453573337425,0.254943442314,0.00063277343913
33,7.06055347615e-07,0.00373016932055,0.000693132080275,0.0427104145191,0.533267621292,0.000147456296637,0.00895410070672,1.56796151012e-14,0.0018778142812,0.408618585448
34,0.114493036473,0.0787709258593,0.433722823691,4.212601801e-06,0.00624113848815,0.00955604696179,0.000187002161396,1.83529816069e-09,0.35682086932,0.00020394260766
35,0.000196267268705,0.0713927848723,0.0050310741501,0.0075813645927,0.110814667238,0.000305367397459,0.47890707459,2.10154735179e-07,4.77188840768e-06,0.325766417848
36,0.055742443895,9.62888933224e-06,0.159396131435,2.05505149411e-08,0.000234178533589,0.756336115159,9.7987916523e-09,0.0121812446919,0.016081404662,1.88223851855e-05
37,1.93117755774e-07,0.787030175496,6.57172123786e-07,0.00227213287607,0.19479177949,0.0139096140305,0.00158559396837,1.10435835047e-05,2.44521054181e-19,0.000398810265262
38,1.83832754219e-20,5.29276591583e-05,0.0201343979579,0.000227414462914,1.2911865776e-08,0.0457035657889,0.195428939501,0.00035897504128,0.738066478673,2.72880046939e-05
39,1.13445742316e-05,0.0163683796192,0.000510624632601,4.04691646049e-06,0.0137135672602,2.03059613699e-05,0.898411479533,0.0007289925262,0.070223794249,7.46472818261e-06
40,0.00207495577337,3.88414809342e-06,7.24144074174e-13,1.11363458933e-08,0.245312625611,2.58512355145e-11,0.00038779183897,3.80542628705e-05,0.489088719239,0.263093957963
41,0.00053323513283,0.0293838452587,9.53133071519e-11,2.07790460662e-11,0.0210488354127,0.0103670940348,2.05086108103e-10,0.200057578267,3.74484864429e-10,0.738609411199
42,5.47197029678e-06,0.211366544596,2.52782922234e-05,0.00387301417376,0.397777695182,2.13365623864e-06,0.0621117375192,0.000502121937454,0.324336002672,1.42926095179e-15
43,0.0564717454257,0.00508460658806,1.68564071524e-13,0.000153580397204,9.21012221587e-10,0.899360709549,0.0365298202347,5.54589467401e-09,7.20054636514e-13,0.00239953133775
44,2.62124176826e-07,0.430152280089,5.29251848521e-09,0.0252629832091,2.09535441502e-10,1.95120638783e-05,0.0274134723458,0.00261803659708,0.514150160595,0.000383287474416
45,9.81442309728e-13,0.00824357904961,0.0160416865882,0.0445100720937,0.0220130601482,1.20636734868e-08,3.29479564193e-06,5.33137885055e-06,0.908965449872,0.000217514008985
46,0.00012344055574,0.00118537844537,0.000700205714578,0.00129042887946,0.341640546648,9.82602665264e-07,0.028454653165,0.542111125395,0.000805417548672,0.0836878210449
47,0.0132413987093,0.0203717286916,6.60461184139e-12,0.0149738936036,0.00561995123846,0.584773287464,0.00448362458488,0.241873450992,2.29952535223e-05,0.114639669456
48,0.215039405689,3.51065477543e-06,0.0174804138537,0.763445653906,0.00222795937008,2.17713051843e-07,2.26192599428e-13,0.00169839923645,0.000104422505408,1.70715939663e-08
49,0.00170323417502,0.874481989327,0.0029925112425,0.101572927488,0.000575710316523,0.000207858269392,0.0184241330633,1.27993884007e-05,5.06508572873e-14,2.88367298242e-05
50,6.82951928453e-08,0.292661185213,0.1332629388,0.500008146109,0.00121209307833,2.04607846499e-10,1.27139201925e-21,0.0728478852928,7.6825182721e-06,4.88701344182e-10
51,0.00100254808243,4.16798811646e-08,2.74724607207e-06,1.0380770749e-08,0.716173201142,0.109001458532,1.27816552339e-11,0.0288848876101,0.0425784986733,0.10235660664
52,0.158848334787,0.0608107424227,1.17407894946e-09,0.0890877697533,0.245631940731,0.122451839272,0.0183012825755,0.0819421592927,0.0139703776426,0.20895555235
53,0.0746261816911,2.32931037837e-10,7.13094736896e-09,0.032863035398,0.00596514944771,6.46338696391e-05,0.3463460255,0.00022360373804,0.539911362973,1.86054683884e-11
54,0.0918689093184,0.00912098339758,1.41980116003e-05,0.0107119300602,3.66348571909e-12,0.00141082972594,0.835623603699,0.0299646944515,5.84815728939e-22,0.0212848513325
55,0.0608080074455,5.60850180093e-07,0.463182157507,0.0526894099882,0.420520439712,4.03706716482e-07,1.81869127667e-07,0.00021186110744,8.28394982439e-14,0.00258697781467
56,0.00211477984707,0.588233882956,1.137115925e-06,0.1363531328,1.18337415447e-08,0.264752170701,7.05032560162e-09,0.00852989704353,8.71213856778e-14,1.4980652026e-05
57,0.000298864569388,2.80360627868e-07,0.421262539935,3.74210741806e-14,0.0953805473271,0.305718723969,1.79597712045e-05,8.24091021667e-05,0.157254459082,0.0199842158838
58,1.18684446126e-06,0.0236969757501,0.00287244822105,0.0161731411986,4.16188917687e-11,0.000158950267057,0.878674092331,0.024950222921,0.0419609639425,0.0115120184827
59,0.99728073954,0.00195167660724,0.00012860588365,2.64436148321e-05,0.000601771862621,2.95924402221e-06,7.78071182187e-06,1.44605649626e-11,2.76175844655e-13,2.25206836587e-08
60,0.423329643045,2.01501114391e-18,1.35121409468e-05,0.00219812789294,9.31512886217e-05,0.0028640901929,4.71420097818e-10,0.0129275621157,0.558256568363,0.000317344489819
61,3.51586594096e-06,3.54407734233e-20,0.148941860121,0.00376860732359,4.079359945e-10,0.000400843009176,4.8918355245e-09,2.28243866927e-06,4.87780281227e-08,0.846882837164
62,4.30459050451e-14,2.42957098508e-09,0.476343662004,0.000471276451927,3.03891471808e-06,2.39418874545e-06,0.000110341671391,1.23367515711e-05,0.360902444402,0.162154503185
63,0.000751202855522,1.04388666324e-12,2.053226389e-15,4.43596694353e-16,1.41031002985e-16,0.456274078764,1.44097907325e-10,0.135584023728,4.63039312531e-14,0.407390694508
64,1.58793125517e-08,0.00203933050534,9.37530929273e-13,0.0571704184129,0.18087761881,0.00240503996387,0.174715638947,0.575007586653,2.8314058157e-08,0.00778432251317
65,0.000666583275403,1.05704263097e-18,0.0196409098961,0.0564945356223,0.133410230491,0.231882816779,0.458648003811,0.0225008371684,3.21546615519e-05,0.0767239282951
66,2.85588795219e-06,0.00411794936691,0.221486844196,0.0129966684037,1.27666686626e-08,0.000241750488508,3.64482641043e-07,1.49296153022e-06,2.25767289971e-06,0.761149803773
67,0.327196909284,1.55569463849e-08,0.000453020533133,0.612901176613,1.58312802683e-05,0.000461412248018,1.53537619792e-08,1.38538217893e-08,0.00704711389086,0.0519244913861
68,0.000217319067549,0.112856192276,8.86385226746e-11,0.00172841122711,4.50788792338e-17,1.24464111319e-05,0.000189093642809,0.364795981995,0.196353511959,0.323847043333
69,0.206582263527,0.200508716903,0.310974034773,5.93486175298e-14,0.000206964032806,1.5271794273e-13,8.03592963627e-09,2.33424839934e-09,0.000808270039159,0.280919740354
70,2.70226546335e-20,0.0128254713714,0.000115590330311,6.36502932519e-07,3.37542951388e-06,0.00370498387489,2.07345045904e-08,0.438135479096,0.0173243886206,0.52789005404
71,0.00403359507623,0.139485138206,0.00296539118911,6.06525968567e-10,0.01498885193,1.3834813921e-05,0.384376179529,0.45413700865,3.50884676087e-18,4.80802144734e-22
72,0.00159741258668,7.19530243707e-13,0.0191673451885,0.934452704508,0.000835119410639,0.000353433966873,0.000497687455542,1.12072419114e-07,0.0430961848102,8.44932688211e-19
73,0.04626128047,0.000415327646621,0.00624720673543,0.00363122066228,3.16545942224e-06,0.537852697247,0.223868317796,0.0145754085633,0.167117654077,2.77213428203e-05
74,0.90762567871,1.10531261407e-09,0.0133751689374,4.14182356951e-07,0.0618060116234,0.000443228215622,0.0157169900919,0.000129712625332,2.74694757955e-06,0.000900047560987
75,3.46629241379e-12,2.66260947053e-13,7.75010184298e-11,0.0269238748746,0.00108104718888,0.836787297579,3.37137244843e-07,3.97541129092e-18,0.0406748928973,0.0945325502412
76,0.408299151312,0.00104318183103,6.09619712292e-11,0.0317542086703,8.42150625082e-08,0.357565292959,0.192044140077,1.45219148127e-07,0.00929379553862,1.17132967884e-10
77,0.252422320163,0.000144506930446,0.0101568107442,0.127763541529,0.176350086391,0.0974529014395,0.162715302349,2.39040837274e-08,0.0941399065631,0.0788545999877
78,4.33979821791e-06,0.102144114637,0.0392821557584,2.1042439732e-05,0.0171566364902,6.79789787301e-11,0.00264893286459,0.651736853357,0.178636396822,0.0083695277651
79,0.214363927833,0.628384724908,6.78823652706e-09,0.142440425335,0.00100040514623,0.00979447848596,0.00395573532701,1.23658090836e-05,4.43290771146e-05,3.60129001188e-06
80,0.00606930654644,0.417007599346,0.00844395479832,1.66839130398e-09,0.54173779666,0.0267277092446,1.06841502223e-08,1.54160827122e-10,6.8252250236e-22,1.36208981993e-05
81,0.809062570038,0.181550311888,0.000135002962587,0.00172503887478,0.000438185353738,3.70007760231e-11,3.67662843603e-14,3.87562550122e-19,0.00699645139779,9.24394479981e-05
82,1.08922219092e-17,0.00404039012003,0.378112584997,0.0108069744294,6.41295356793e-07,0.00167298718257,3.3057255079e-07,0.00130997640197,0.603742454338,0.000313660663999
83,0.0230824638799,1.5490463033e-06,0.223881313932,0.00066094546083,4.68496489992e-12,2.5036328911e-08,0.339494717347,1.9300814802e-11,0.410514636051,0.0023643492236
84,6.35368537124e-10,0.256074251446,0.317570180058,0.141696148976,9.76175926191e-12,0.265638907743,3.24352138048e-05,0.0189843912331,3.68405549211e-06,6.29350186331e-10
85,0.000796415627188,1.70366950391e-06,1.5975022606e-11,0.0150168521481,4.05801924566e-11,0.219700314141,0.629449954372,0.000191098938447,0.13215403022,0.00268963082776
86,0.000839705320006,4.85397751058e-15,1.24145996394e-06,6.70804958587e-10,0.269640890917,0.481950798735,2.90016800905e-14,0.0709464976143,0.176620865283,7.64590859451e-13
87,0.283483065364,0.610086187395,2.31137003888e-05,0.097227388351,6.07391441327e-05,0.000230246027613,1.86506072779e-08,0.00392965441254,0.00495951052769,7.64269318279e-08
88,1.9660421442e-13,1.57272619464e-05,1.45626380588e-05,0.416911122164,0.576640750399,4.16687836309e-08,0.000119256696735,8.77694266811e-13,1.82760388931e-10,0.00629853898759
89,0.000214060185928,0.00873685830608,3.53247456105e-05,0.482259961683,0.189117854951,0.050042343853,2.39861958659e-15,0.23100037291,0.038592743159,4.80206927952e-07
90,0.0420004987802,0.301272574729,0.000106535786297,0.0101736803537,6.64023053706e-05,1.85987750737e-09,0.0582488983723,0.58611445279,0.002016955023,4.59871478875e-28
91,0.000130162685331,0.000815941332113,5.79306144761e-07,0.0265071430827,8.04299868817e-06,0.214599111148,0.213285869957,0.395844005535,2.63335705141e-05,0.148782810384
92,0.393959270595,0.304763602138,0.103312895743,0.010230343086,9.02783324007e-22,0.156215427994,6.18550661928e-10,0.031416845436,1.85638856764e-06,9.97580005818e-05
93,0.260845694343,0.274493649158,0.248560825059,0.0329635226519,0.0837558525011,4.29191948184e-05,0.0922204179897,0.00249925839978,4.77461609283e-06,0.0046130860865
94,0.250155354741,0.0156192505024,0.0690584683064,4.21946940355e-05,0.0502836239762,1.47995730769e-06,0.00832201647536,0.00256436967752,0.603248269432,0.000704972238111
95,2.76961034345e-20,1.88044678801e-06,3.98843043376e-09,0.0519069723718,1.61942336918e-09,0.000160817114101,0.637373892105,0.0266457350708,0.283910694085,3.19864282396e-09
96,0.370540426255,0.119123511609,0.467985076421,0.0418681709569,0.00017987868174,5.81374321809e-06,3.64734294359e-07,3.28523581406e-05,3.70040071671e-07,0.000263535199402
97,0.186215714442,0.342945568388,0.0703772479921,0.0355963185316,0.360698471333,8.77462279289e-18,1.89581628296e-06,0.00321086073571,1.59214462544e-08,0.00095390684009
98,0.00745532955873,0.26101686318,0.271561283614,3.44224862674e-07,1.10794229021e-15,0.210255960682,0.00175132383992,0.0069237271776,0.0361041079211,0.204931059802
99,5.59515553317e-05,0.0673011884875,3.59164701379e-05,9.20057098483e-06,0.0165659692636,0.363265673246,0.0745758843931,8.73176854314e-09,0.464714603274,0.0134756040077
